name: 21世纪饭店游泳馆
slug: pool
longitude: 116.472265
latitude: 39.951114
